000000000100000000100000000100000000001000000000000000000000000000000000000000000000000000000000000000000000000000000000000000000000000000000000
000001000100000000010000100010000000000100000000000000000000000000000000000000000000000000000000000000000000000000000000000000000000000000000000
000001000010000000010000100010000111111111111100000000000000000000000000000000000000000000000000000000000000000000000000000000000000000000000000
000010000010000001111100101111100000001000000000000000000001100000001000001111000011110000000100011111100001100001111110001111000011100000000000
000100000001000000000000100000000100010001000100000000000010010000111000010000100100001000001100010000000010010001000010010000100100010000010000
001000000000100000101010100101000010111110001000000000000100001000001000010000100100001000001100010000000100000000000100010000100100001000010000
010000000000010000010010100010000001000100010000000000000100001000001000010000100000001000010100010000000100000000000100010000100100001011010110
100111111110001011111110101111100010001001001000000000000100001000001000000000100000010000100100011110000101110000001000001001000100001000111000
000001000010000000010010100010000100111111100100000000000100001000001000000001000001100000100100010001000110001000001000000110000100011000111000
000001000010000000010000100010000000000000100000001100000100001000001000000010000000010001000100000000100100001000010000001001000011101011010110
000001000010000001111100100111000000000100000000001100000100001000001000000100000000001001111111000000100100001000010000010000100000001000010000
000010000010000000010001000010001111111111111110000000000100001000001000001000000100001000000100010000100100001000010000010000100000001000010000
000010000010000000010001000010000000000100000000001100000010010000001000010000100100001000000100010001000010001000010000010000100010010000000000
000100000010000000100010000010000000000100000000001100000001100000111110011111100011110000011111001110000001110000010000001111000001100000000000
001000010100000000100100000010000000000100000000000000000000000000000000000000000000000000000000000000000000000000000000000000000000000000000000
010000001000000001000000000010000000000100000000000000000000000000000000000000000000000000000000000000000000000000000000000000000000000000000000
0001000100010000000000000100100000000000000000010000000000000001000000000000000000000000100000000000000100000000
0001000100010000000000000100010000000000000000100000000000000001000000000000000000100000010000000000000100000000
0001011111111100000000000100010000000000000001000000000000000001000000000000001000010111111111000111111111111100
0001000100010000000000000100000000000000000111111111000000000001000000000000010000010100000001000000000100000000
1111110000000000111111111111111000000000000100000001000000111111111110000000010010000000000000000011111111111000
0001001111111000000000000100000000000000000100000001000000100001000010000000010001000011111110000000001000000000
0011001000001000000000000100000000000000000100000001000000100001000010000000100001000000010000001111111111111110
0011101111111000001111100100000000000000000111111111000000100001000010000000100000010011111110000000010001000000
0101011000001000000010000100000000000000000100000001000000100001000010000001000000010010010010000000100000100000
0101001111111000000010000100000000110000000100000001000000111111111110000001000000100011111110000011011111011000
1001000001000000000010000010000000110000000111111111000000100001000010000001000011100010010010001100000100000110
0001011111111100000010000010001000000000000100000001000000100001000010000010000000100011111110000001111111110000
0001000010100000000011110001001000110000000100000001000000100001000010000010000000100000000000000000000100000000
0001000100010000011110000000101000110000000100000001000000100001000010000100000000100001000100000000001011000000
0001001000001000001000000000011000000000000111111111000000111111111110000100000000100010000010000000110000110000
0001010000000110000000000000001000000000000100000001000000100000000010000000000000000100000001000011000000001000
000000100000000000000000000000000000000000000000000000000000000000000000000000000000000000000000000000000000000000000000000000000000000000000000
000000010000000000011111111100000000000000000000000000000000000000000000000000000000000000000000000000000000000000000000000000000000000000000000
001111111111100000010000000100000000000000000000000000000001000000001000000000000000000000000000000000000000000000000000000000000000000000000110
000000000000000000011111111100000000000001111110000110000010100000010000000000000000000000000000000000000000000000000000000000000000000000011110
000010000010000000010000000100000000000001000000001001000100010000100000000000000000000000000000000000000000000000000000000000000000000001111110
000001000100000011111111111111100000000001000000010000100100010001000000000000000000000000000000000000000000000000000000000000000000000011111110
111111111111111000000000000000000000000001000000010000100010100010000000000000000000000000000000000000000000000000000000000000000000001111111110
000000000000000000011111111100000000000001111000010000100001000100000000000000000000000000000000000000000000000000000000000000000000111111111110
000111111111000000010001000100000000000001000100010000100000001000100000000000000000000000000000000000000000000000000000000000000011111111111110
000100000001000000011111111100000011000000000010010000100000010001010000000000000000000000000000000000000000000000000000000000000000111111111110
000100000001000000010001000100000011000000000010010000100000100010001000000000000000000000000000000000000000000000000000000000000000001111111110
000111111111000000011111111100000000000001000010010000100001000010001000000000000000000000000000000000000000000000000000000000000000000011111110
000100000001000000000001000000000011000001000100001001000010000001010000000000000000000000000000000000000000000000000000000000000000000001111110
000100000001000000011111111100000011000000111000000110000100000000100000000000000000000000000000000000000000000000000000000000000000000000011110
000111111111000000000001000000000000000000000000000000000000000000000000000000000000000000000000000000000000000000000000000000000000000000000110
000100000001000001111111111111000000000000000000000000000000000000000000000000000000000000000000000000000000000000000000000000000000000000000000
000010000001000010100000000000010000001000000000000000100000001000000100000000000010000000000000000000000000000100000000000010000000000000100000
001010000001000010100000000000010000001000000000000000100000001000000010000000000010000000000000001111111000000100011110000001000000010010100000
001010000001000010100000000000010000001000001111111100100000001001111111111000000101000000000000001000001000000100010010000001000000001010100000
001111101001000100111111100000010000001000000000100000111110001001000010000000000101000000000000001000001000000100010010111111111110001011111100
010010001001000101010000000011111101111111100000100001000100001101011111110000001000100000000000001000001000011111010010010000000100000100100000
000010001001000100010000000000010000001000000000100001000100101011000010010000001000010000000000001010001000000100011110010000000100100000100000
111111111001001100010000000000110000011100000100100001000100101001111111111000010111101000000000001001001000000100010010001000001000100000100000
000010001001010100011110000000111000011100000100111010100100101001000010010000100010000011111111001000101000001110010010001000001000001111111110
000010001001000100010000000001010100101010000100100000101000101001011111110000000010000000000000001000101000001010010010000100010000001000000000
001111101001000100010000000001010000101010000100100000101000001001000010000000011111111000000000001000001000001010011110000010100000010000000000
001010101001000100010000001010010001001001000100100000010000001001010110001000000010000000000000001000001000001010010010000001000000110011111100
001010101001000100011111000000010010001000100100100000010000001001001011010000001010010000000000001000001010001010010010000010100000010010000100
001010100001000100010000001000010100001000000100111100101000001010010010100000001010001000000000001000001010001110010010000100010000010010000100
001011000001000100010000000000010000001000001111000001001000001010100010011000010010000100000000001000001010001010100010001000001000010010000100
000010000101000100010000000000010000001000000000000010000100001100001010000000100010000100000000010000000110000000100010010000000100010011111100
000010000010000100010000000000010000001000000000000100000010001000000100000000000100000000000000010000000000000001000100100000000010000010000100


