1111111111111100000000000000000000000000000000000000000000000000000000000000000000000000
0011110001111110000000000000000000000000000000000000000000000000000000000000000000000000
0011110000011110000000000000000000000000000000000000000000000000000000000000000000000000
0011110000001110000000000000000000000000000000000000000000000000000000000000000000000000
0011110000000110000000000000000000000000000000000000000000000000000000000000000000000000
0011110000000000000000000000000000000000000000000000000000000000000000000000000000000000
0011110000110000000000000000000000000000000000000000000000000000000000000000000000000000
0011110000110000000000000001111111110000000000001111101111111000000000000000111111110000
0011110000110000000000000011111011111000000000001111111111111000000000000001111111111000
0011110001110000000000000111100000111000000000000011111000111100000000000011110000111100
0011111111110000000000000111100000111100000000000011110000011100000000000011100000011100
0011110011110000000000000011100000111100000000000011100000011100000000000111100000011110
0011110000110000000000000000000111111100000000000011100000011100000000000111100000001110
0011110000110000000000000000111111111100000000000011100000011100000000000111000000001110
0011110000110000000000000011111100111100000000000011100000011100000000000111000000001110
0011110000000000000000000111110000111100000000000011100000011100000000000111000000001110
0011110000000011000000000111100000111100000000000011100000011100000000000111000000001110
0011110000000111000000000111000000111100000000000011100000011100000000000111100000011110
0011110000000110000000000111000000111111000000000011100000011100000000000111100000011110
0011110000001110000000000111100001111111000000000011100000011100000000000011110000111100
0011110001111110000000000111110111111111000000000011110000111110000000000001111111111000
1111111111111110000000000011111111011111000000001111111001111111000000000000111111110000