0001100000001000001111000011110000000100000000000111111000011000011111100011110000111000
0010010000111000010000100100001000001100000000000100000000100100010000100100001001000100
0100001000001000010000100100001000001100000110000100000001000000000001000100001001000010
0100001000001000010000100000001000010100000110000100000001000000000001000100001001000010
0100001000001000000000100000010000100100000000000111100001011100000010000010010001000010
0100001000001000000001000001100000100100000000000100010001100010000010000001100001000110
0100001000001000000010000000010001000100000000000000001001000010000100000010010000111010
0100001000001000000100000000001001111111000110000000001001000010000100000100001000000010
0100001000001000001000000100001000000100000110000100001001000010000100000100001000000010
0010010000001000010000100100001000000100000000000100010000100010000100000100001000100100
0001100000111110011111100011110000011111000000000011100000011100000100000011110000011000